056000
056001
056002
056003
056004
056005
056006
056007
056008
056009
05600a
05600b
05600c
05600d
05600e
05600f
056010
049001
049002
049004
049005
049006
049007
049009
03500b
03500c
03500d
028001
028002
028010
028015
028021
028026
028027
028028
028029
02802a
007000
007001
007002
007004
007006
007007
007009
00700a
00700c
00700d
00700e
00700f
007010
007011
007012
007013
007014
007015
007016
007017
007018
007019
00701a
00701b
00701c
00701d
00701e
00701f
007020
007021
007022
007023
007024
007026
007027
007028
000000
